"The Latin Cross",1,1
6,33,42,43,44,45,53
1,44
43,23,45,43,53,33,23,43,42,44
"The Greek Cross",1,1
9,24,34,42,43,44,45,46,54,64
1,44
45,47,43,45,64,44,44,46,24,44,47,45,45,43,42,44
"The Football Team (A)",1,1
11,31,32,33,34,41,42,43,51,52,53,54
1,44
42,22,43,63,34,32,51,53,54,52,31,51,51,53,63,43,22,42,42,44
"The Football Team (B)",0,1
11,31,32,33,34,41,42,43,51,52,53,54
1,44
43,23,31,33,34,32,51,31,31,33,23,43,42,44,44,64,52,54,64,44
"The Pyramid of Chefren",1,1
9,25,34,35,43,44,45,54,55,65
1,44
55,53,53,33,35,55,65,45,44,46,33,35,25,45,46,44
"The Shrine",1,1
15,23,33,36,37,41,42,43,44,45,46,47,53,56,57,63
1,43
37,35,57,55,45,65,47,45,35,55,65,45,44,46,42,44,63,43,43,45,23,43,46,44,44,42,41,43
"The Pyramid of Cheops",1,2
16,15,24,25,33,34,35,42,43,44,45,53,54,55,64,65,75
1,44
34,14,43,23,44,46,54,56,56,36,36,34,75,55,15,13,13,33,33,35,25,45,45,65,65,63,63,43,42,44
34,36,15,35,54,56,75,55,36,34,34,54,54,52,42,44,56,54,54,34,24,44,45,43,33,53,52,54,64,44
"The Tiffany Lamp",0,1
17,23,32,33,36,37,41,42,43,44,45,46,47,52,53,56,57,63
1,44
32,34,52,54,57,55,55,35,35,33,33,53,63,43,47,45,37,35,35,55,55,53,53,33,41,43,44,42,23,43,42,44
"Center to Center",0,1
32,13,14,15,23,24,25,31,32,33,34,35,36,37,41,42,43,45,46,47,51,52,53,54,55,56,57,63,64,65,73,74,75
1,44
46,44,65,45,57,55,54,56,52,54,73,53,43,63,75,73,73,53,35,55,15,35,23,43,43,63,63,65,65,45,45,25,37,57,57,55,55,53,31,33,34,32,51,31,31,33,13,15,15,35,36,34,34,32,32,52,52,54,54,34,24,44
"The Davis Jump",0,1
32,13,14,15,23,24,25,31,32,33,34,35,36,37,41,42,43,44,45,46,47,51,52,54,55,56,57,63,64,65,73,74,75
1,53
51,53,54,52,56,54,75,55,45,65,31,51,51,53,53,55,33,53,13,33,25,45,45,43,43,23,15,13,13,33,37,35,32,52,52,54,54,56,56,36,73,75,75,55,63,65,65,45,45,25,25,23,23,43,57,37,37,35,35,33,33,53
"Corner to Corner",1,2
36,13,14,15,22,23,24,25,26,32,33,34,35,36,37,41,42,43,44,45,46,47,51,52,53,54,55,56,57,62,63,64,65,66,73,74,75
1,57
51,31,43,41,62,42,41,43,44,42,46,44,26,46,47,45,32,52,34,32,54,34,56,54,31,33,34,32,22,42,52,32,54,52,13,33,14,34,73,53,74,54,75,55,34,36,32,34,37,35,34,36,54,56,52,54,57,55,54,56,66,46,15,35,35,37,45,47,37,57
51,31,43,41,53,51,73,53,22,42,34,32,31,33,36,34,34,32,54,52,51,53,56,54,54,52,13,33,14,34,15,35,74,54,75,55,34,36,36,56,66,46,54,56,57,55,32,34,34,54,54,56,56,36,41,43,62,42,42,44,44,46,47,45,26,46,45,47,37,57
"The Octagram",1,1
29,14,22,23,24,25,26,32,33,34,35,36,41,42,43,44,45,46,47,52,53,54,55,56,62,63,64,65,66,74
1,44
55,57,36,56,57,55,54,56,74,54,44,46,56,36,26,46,47,45,24,26,45,25,26,24,66,64,64,44,34,54,14,34,62,64,64,44,52,54,33,35,54,34,35,33,33,53,41,43,53,33,23,43,22,42,42,44
"The Pentagon",0,1
24,14,23,24,25,32,33,34,35,36,41,42,43,44,45,46,52,53,54,55,56,63,64,65,74
1,44
55,57,36,56,57,55,44,46,25,45,46,44,65,45,23,25,43,23,45,43,53,33,33,35,35,15,15,13,13,33,33,31,31,51,51,53,53,55,74,54,55,53,63,43,42,44
"The Five Crosses",1,1
21,14,23,24,25,32,34,36,41,42,43,44,45,46,47,52,54,56,63,64,65,74
1,44
64,66,44,64,74,54,42,62,62,64,64,44,44,42,41,43,24,22,22,42,42,44,44,24,14,34,46,26,26,24,24,44,44,46,47,45,66,46,46,44
"The Double Cross",1,1
21,14,22,24,26,33,34,35,41,42,43,44,45,46,47,53,54,55,62,64,66,74
1,44
54,56,56,36,26,46,35,55,47,45,45,65,74,54,66,64,43,63,54,74,62,64,74,54,33,35,54,34,35,33,41,43,43,23,14,34,22,24,24,44
"The Tilted Square (A)",1,1
24,14,23,24,25,32,33,34,35,36,41,42,43,45,46,47,52,53,54,55,56,63,64,65,74
1,44
64,62,42,44,62,42,55,57,41,43,43,63,35,55,55,75,75,73,73,53,53,55,57,37,37,35,34,54,54,56,56,36,36,34,33,13,13,15,15,35,35,33,32,34,24,44
"The Tilted Square (B)",0,1
24,14,23,24,25,32,33,34,35,36,41,42,43,45,46,47,52,53,54,55,56,63,64,65,74
1,44
53,73,33,53,46,44,65,45,45,43,43,63,35,33,33,31,31,51,51,53,53,55,55,57,57,37,37,35,35,15,15,13,13,33,73,53,74,54,54,52,52,32,32,34,24,44
"The Lonely Cross",1,1
36,13,14,15,22,23,24,25,26,31,32,33,34,35,36,37,41,42,43,45,46,47,51,52,53,54,55,56,57,62,63,64,65,66,73,74,75
21,13,14,15,22,26,31,34,37,41,43,44,45,47,51,54,57,62,66,73,74,75
24,44,32,34,53,33,23,43,35,33,55,35,25,45,52,32,32,34,75,55,63,65,55,75,57,55,36,56,55,57
"The Final Score",1,1
36,13,14,15,22,23,24,25,26,31,32,33,34,35,36,37,41,42,43,45,46,47,51,52,53,54,55,56,57,62,63,64,65,66,73,74,75
20,13,14,15,22,26,31,33,37,41,44,46,47,51,53,57,62,66,73,74,75
64,44,56,54,35,55,54,56,62,64,42,62,44,42,24,44,22,24,42,22,14,34,26,24,34,14,46,26,66,46,64,66
"The Twelve Guards",1,1
36,13,14,15,22,23,24,25,26,31,32,33,34,35,36,37,41,42,43,45,46,47,51,52,53,54,55,56,57,62,63,64,65,66,73,74,75
12,13,14,15,31,37,41,47,51,57,73,74,75
42,44,23,43,44,42,41,43,22,42,24,44,36,34,44,24,14,34,26,24,64,44,52,54,44,64,74,54,62,64,46,44,65,45,44,46,47,45,66,46,45,47,34,14,43,41,54,74
